// ------------------------- Data1 -------------------------
Coords_pre
0 1 0.5
0 0 1
Links
0 2
2 1
boundary_cond 
0 1
1 1
1 1
Concetrated_Forces 
2
0
-10000000

// ------------------------- Data2 -------------------------
Coords_pre
0 1 2 0.5 1.5
0 0 0 1 1
Links
0 1 0 3 1 4 3
1 2 3 1 4 2 4
boundary_cond 
0 2
1 1
1 1
Concetrated_Forces 
3 4 1
-5000000 -5000000 -5000000
-5000000 -5000000 -5000000

// ------------------------- Data3 -------------------------
Coords_pre
0 1 3 4 2 1 3
0 -1 -1 0 0 1 1
Links
0 1 2 0 5 1 4 2 6 5 4 5
1 2 3 5 1 4 2 6 3 4 6 6
boundary_cond 
0 3
1 1
1 1
Concetrated_Forces 
5 6
0 5000000
-5000000 -5000000

// ------------------------- Data4 -------------------------
Coords_pre
0 1 2 3 4 1 2 3 4 0 1 2 3
0 1 2 3 4 0 1 2 3 1 2 3 4
Links
0 5 6 7 1 1 2 2 3 3 4 0 1 2 3 9 9 10 10 11 11 12 9 10 11 12
5 6 7 8 5 6 6 7 7 8 8 1 2 3 4 0 1 1 2 2 3 3 10 11 12 4
boundary_cond 
0 4
1 1
1 1
Concetrated_Forces 
9 10 11 12 5 6 7 8
2000000 2000000 2000000 2000000 -2000000 -2000000 -2000000 -2000000
-2000000 -2000000 -2000000 -2000000 2000000 2000000 2000000 2000000
9 10 11 12
1000000 1000000 1000000 1000000
-1000000 -1000000 -1000000 -1000000

// ------------------------- Data5 -------------------------
Coords_pre
-3 -2 -1 0 1 2 3 2 1 0 -1 -2 -2 -1 0 1 2 1 0 -1
0 1 2 3 2 1 0 -1 -2 -3 -2 -1 0 1 2 1 0 -1 -2 -1
Links 40
0 1 2 3 4 5 6 7 8 9 10 11 12 13 14 15 16 17 18 19 0 12 1 13 2 14 14 4 15 5 16 16 7 17 8 18 18 10 19 11
1 2 3 4 5 6 7 8 9 10 11 0 13 14 15 16 17 18 19 12 12 1 13 2 14 3 4 15 5 16 6 7 17 8 18 9 10 19 11 12
boundary_cond 
0 3 6 9
1 1 1 1
1 1 1 1
Concetrated_Forces 
12 13 14 15 16 17 18 19
-2000000 -28200000 0 28200000 2000000 28200000 0 -28200000
0 28200000 2000000 2000000 0 -28200000 -2000000 -28200000

// ------------------------- Data6 -------------------------
Coords_pre
0 0 1 1 0 -1 -1 0 1 2 2 2 1 0 -1 -2 -2 -2 -1
0 1 0.5 -0.5 -1 -0.5 0.5 2 1.5 1 0 -1 -1.5 -2 -1.5 -1 0 1 1.5
Links
0 0 0 0 0 0 1 2 3 4 5 6 1 1 2 2 2 3 3 3 4 4 4 5 5 5 6 6 6 1 7 8 9 10 11 12 13 14 15 16 17 18
1 2 3 4 5 6 2 3 4 5 6 1 7 8 8 9 10 10 11 12 12 13 14 14 15 16 16 17 18 18 8 9 10 11 12 13 14 15 16 17 18 7
boundary_cond 
0
1
1
Concetrated_Forces 
7
0
-5000000

// ------------------------- Data7 -------------------------
Coords_pre
-2 -1 0 1 2 -2 -1 0 1 2 -3 3
-1 -1 -1 -1 -1 1 1 1 1 1 0 0
Links
0 1 2 3 5 6 7 8 5 6 7 8 9 10 10 9 4 
1 2 3 4 6 7 8 9 0 1 2 3 4 5 0 11 11
boundary_cond 
10 11
1 1
1 1
Concetrated_Forces 
5 6 7 8 0
0 0 0 0 0
-5000000 -5000000 -5000000 -5000000 -5000000