// Data1 - Pyramid
Coords_pre
0 1 1 0 0.5
0 0 1 1 0.5
0 0 0 0 1
Links
0 1 2 3 4 4 4 4
1 2 3 0 0 1 2 3
BC_nodes
0 1 2 3
1 1 1 1
1 1 1 1
1 1 1 1
Forces
4
-5000000
5000000
-5000000

// Data2
Coords_pre
0 0 0 1 0 -1	
0 0 -1 0 1 0
-1 1 0 0 0 0
Links
0 0 0 0 2 3 4 5 1 1 1 1
2 3 4 5 3 4 5 2 2 3 4 5
BC_nodes
0 1 2 3 4 5
1 1 1 0 1 0
1 1 0 1 0 1
0 0 1 1 1 1
Forces
0 1 
0 0
0 0
5000000 -5000000

// ------------------------- Data3 -------------------------
Coords_pre
0 0 1 1 0 -1 -1 0 1 2 2 2 1 0 -1 -2 -2 -2 -1
0 0 0 0 0 0 0 0 0 0 0 0 0 0 0 0 0 0 0
0 1 0.5 -0.5 -1 -0.5 0.5 2 1.5 1 0 -1 -1.5 -2 -1.5 -1 0 1 1.5
Links 42
0 0 0 0 0 0 1 2 3 4 5 6 1 1 2 2 2 3 3 3 4 4 4 5 5 5 6 6 6 1 7 8 9 10 11 12 13 14 15 16 17 18
1 2 3 4 5 6 2 3 4 5 6 1 7 8 8 9 10 10 11 12 12 13 14 14 15 16 16 17 18 18 8 9 10 11 12 13 14 15 16 17 18 7
boundary_cond 
0 1 2 3 4 5 6 7 8 9 10 11 12 13 14 15 16 17 18
1 0 0 0 1 0 0 0 0 0 0 0 0 1 0 0 0 0 0
1 1 1 1 1 1 1 1 1 1 1 1 1 1 1 1 1 1 1
1 0 0 0 1 0 0 0 0 0 0 0 0 1 0 0 0 0 0
Concetrated_Forces 
7
0
-5000000

// ------------------------- Data4 -------------------------
Coords_pre
0 1 2 0 1 2 0 1 2 0 1 2 0 1 2 0 1 2 0 1 2 0 1 2 0 1 2
0 0 0 1 1 1 2 2 2 0 0 0 1 1 1 2 2 2 0 0 0 1 1 1 2 2 2
0 0 0 0 0 0 0 0 0 1 1 1 1 1 1 1 1 1 2 2 2 2 2 2 2 2 2
Links 54
0 1 0 1 2 3 4 3 4 5 6 7 9 10 9 10 11 12 13 12 13 14 15 16 18 19 18 19 20 21 22 21 22 23 24 25 0 1 2 3 4 5 6 7 8 9 10 11 12 13 14 15 16 17
1 2 3 4 5 4 5 6 7 8 7 8 10 11 12 13 14 13 14 15 16 17 16 17 19 20 21 22 23 22 23 24 25 26 25 26 9 10 11 12 13 14 15 16 17 18 19 20 21 22 23 24 25 26
boundary_cond 
0 2 8 6 1 19 7 25 5 23 3 21
1 1 1 1 1 1 1 1 0 0 0 0
1 1 1 1 0 0 0 0 1 1 1 1
1 1 1 1 0 0 0 0 0 0 0 0
Concetrated_Forces 
10 12 14 16
0 -5000000 5000000 0
-5000000 0 0 5000000
-5000000 -5000000 -5000000 -5000000

// ------------------------- Data5 -------------------------
Coords_pre
0 0 0 0 3 3 3 3 1 2
-1 1 1 -1 -1 1 1 -1 0 0
-1 -1 1 1 -1 -1 1 1 0 0
Links 8
8 8 8 8 9 9 9 9 8
0 1 2 3 4 5 6 7 9
boundary_cond 
0 1 2 3 4 5 6 7
1 1 1 1 1 1 1 1
1 1 1 1 1 1 1 1
1 1 1 1 1 1 1 1
Concetrated_Forces 
8 9
-5000000 5000000
-5000000 5000000
-5000000 5000000

// ------------------------- Data6 -------------------------
Coords_pre
0 1 1 0 0 1 1 0
0 0 1 1 0 0 1 1
0 0 0 0 1 1 1 1
Links 19
0 1 2 3 4 5 6 7 0 1 2 3 1 6 4 3 1 2 2
1 2 3 0 5 6 7 4 4 5 6 7 6 4 3 1 4 7 4
boundary_cond 
0 1 2 3
1 1 1 1
1 1 1 1
1 1 1 1
Concetrated_Forces 
8 9
-5000000 5000000
-5000000 5000000
-5000000 5000000

